[1.7979184719828694, -1.7979184719828694, 1.7979184719828694]
[-1.7979184719828694, 1.7979184719828694, 1.7979184719828694]
[1.7979184719828694, 1.7979184719828694, -1.7979184719828694]
[-1.7979184719828694, -1.7979184719828694, -1.7979184719828694]
[1.6535986938447276, 4.346401306155272, 1.6535986938447276]
[-1.6535986938447276, 7.653598693844728, 1.6535986938447276]
[1.6535986938447276, 7.653598693844728, -1.6535986938447276]
[-1.6535986938447276, 4.346401306155272, -1.6535986938447276]
[1.2905798797957142, -7.290579879795715, 1.2905798797957142]
[-1.2905798797957142, -4.709420120204285, 1.2905798797957142]
[1.2905798797957142, -4.709420120204285, -1.2905798797957142]
[-1.2905798797957142, -7.290579879795715, -1.2905798797957142]
[1.607875658379403, -1.607875658379403, 7.6078756583794025]
[-1.607875658379403, 1.607875658379403, 7.6078756583794025]
[1.607875658379403, 1.607875658379403, 4.3921243416205975]
[-1.607875658379403, -1.607875658379403, 4.3921243416205975]
[1.4001680089336266, -1.4001680089336266, -4.599831991066374]
[-1.4001680089336266, 1.4001680089336266, -4.599831991066374]
[1.4001680089336266, 1.4001680089336266, -7.400168008933626]
[-1.4001680089336266, -1.4001680089336266, -7.400168008933626]
[7.318132902704217, -1.3181329027042166, 1.3181329027042166]
[4.681867097295783, 1.3181329027042166, 1.3181329027042166]
[7.318132902704217, 1.3181329027042166, -1.3181329027042166]
[4.681867097295783, -1.3181329027042166, -1.3181329027042166]
[-4.505846593824892, -1.4941534061751076, 1.4941534061751076]
[-7.494153406175108, 1.4941534061751076, 1.4941534061751076]
[-4.505846593824892, 1.4941534061751076, -1.4941534061751076]
[-7.494153406175108, -1.4941534061751076, -1.4941534061751076]
[7.570361277809018, -1.5703612778090177, 7.570361277809018]
[4.429638722190982, 1.5703612778090177, 7.570361277809018]
[7.570361277809018, 1.5703612778090177, 4.429638722190982]
[4.429638722190982, -1.5703612778090177, 4.429638722190982]
[-4.434767865988425, -1.5652321340115747, 7.565232134011575]
[-7.565232134011575, 1.5652321340115747, 7.565232134011575]
[-4.434767865988425, 1.5652321340115747, 4.434767865988425]
[-7.565232134011575, -1.5652321340115747, 4.434767865988425]
[1.2309667904904527, 4.769033209509548, 7.230966790490452]
[-1.2309667904904527, 7.230966790490452, 7.230966790490452]
[1.2309667904904527, 7.230966790490452, 4.769033209509548]
[-1.2309667904904527, 4.769033209509548, 4.769033209509548]
[1.2055187170368145, -7.2055187170368145, 7.2055187170368145]
[-1.2055187170368145, -4.7944812829631855, 7.2055187170368145]
[1.2055187170368145, -4.7944812829631855, 4.7944812829631855]
[-1.2055187170368145, -7.2055187170368145, 4.7944812829631855]
[7.766615800002682, -7.766615800002682, 7.766615800002682]
[4.233384199997318, -4.233384199997318, 7.766615800002682]
[7.766615800002682, -4.233384199997318, 4.233384199997318]
[4.233384199997318, -7.766615800002682, 4.233384199997318]
[-4.75572074985266, -7.24427925014734, 7.24427925014734]
[-7.24427925014734, -4.75572074985266, 7.24427925014734]
[-4.75572074985266, -4.75572074985266, 4.75572074985266]
[-7.24427925014734, -7.24427925014734, 4.75572074985266]
[-4.209925697029982, 4.209925697029982, 7.790074302970018]
[-7.790074302970018, 7.790074302970018, 7.790074302970018]
[-4.209925697029982, 7.790074302970018, 4.209925697029982]
[-7.790074302970018, 4.209925697029982, 4.209925697029982]
[7.712835835590225, 4.287164164409775, 7.712835835590225]
[4.287164164409775, 7.712835835590225, 7.712835835590225]
[7.712835835590225, 7.712835835590225, 4.287164164409775]
[4.287164164409775, 4.287164164409775, 4.287164164409775]
[1.4494089551636433, 4.550591044836357, -4.550591044836357]
[-1.4494089551636433, 7.449408955163643, -4.550591044836357]
[1.4494089551636433, 7.449408955163643, -7.449408955163643]
[-1.4494089551636433, 4.550591044836357, -7.449408955163643]
[1.506831524775008, -7.5068315247750075, -4.4931684752249925]
[-1.506831524775008, -4.4931684752249925, -4.4931684752249925]
[1.506831524775008, -4.4931684752249925, -7.5068315247750075]
[-1.506831524775008, -7.5068315247750075, -7.5068315247750075]
[7.606965568125188, -1.606965568125188, -4.393034431874812]
[4.393034431874812, 1.606965568125188, -4.393034431874812]
[7.606965568125188, 1.606965568125188, -7.606965568125188]
[4.393034431874812, -1.606965568125188, -7.606965568125188]
[-4.705068580163434, -1.2949314198365656, -4.705068580163434]
[-7.294931419836566, 1.2949314198365656, -4.705068580163434]
[-4.705068580163434, 1.2949314198365656, -7.294931419836566]
[-7.294931419836566, -1.2949314198365656, -7.294931419836566]
[7.38110878311347, 4.61889121688653, -4.61889121688653]
[4.61889121688653, 7.38110878311347, -4.61889121688653]
[7.38110878311347, 7.38110878311347, -7.38110878311347]
[4.61889121688653, 4.61889121688653, -7.38110878311347]
[7.7790218975254986, -7.7790218975254986, -4.2209781024745014]
[4.2209781024745014, -4.2209781024745014, -4.2209781024745014]
[7.7790218975254986, -4.2209781024745014, -7.7790218975254986]
[4.2209781024745014, -7.7790218975254986, -7.7790218975254986]
[-4.524263605294358, 4.524263605294358, -4.524263605294358]
[-7.475736394705642, 7.475736394705642, -4.524263605294358]
[-4.524263605294358, 7.475736394705642, -7.475736394705642]
[-7.475736394705642, 4.524263605294358, -7.475736394705642]
[-4.519575631355753, -7.480424368644247, -4.519575631355753]
[-7.480424368644247, -4.519575631355753, -4.519575631355753]
[-4.519575631355753, -4.519575631355753, -7.480424368644247]
[-7.480424368644247, -7.480424368644247, -7.480424368644247]
[7.384106393966585, 4.615893606033415, 1.3841063939665843]
[4.615893606033415, 7.384106393966585, 1.3841063939665843]
[7.384106393966585, 7.384106393966585, -1.3841063939665843]
[4.615893606033415, 4.615893606033415, -1.3841063939665843]
[7.533528683889232, -7.533528683889232, 1.5335286838892315]
[4.466471316110768, -4.466471316110768, 1.5335286838892315]
[7.533528683889232, -4.466471316110768, -1.5335286838892315]
[4.466471316110768, -7.533528683889232, -1.5335286838892315]
[-4.722998627407543, 4.722998627407543, 1.2770013725924567]
[-7.277001372592457, 7.277001372592457, 1.2770013725924567]
[-4.722998627407543, 7.277001372592457, -1.2770013725924567]
[-7.277001372592457, 4.722998627407543, -1.2770013725924567]
[-4.361874333396123, -7.638125666603877, 1.6381256666038762]
[-7.638125666603877, -4.361874333396123, 1.6381256666038762]
[-4.361874333396123, -4.361874333396123, -1.6381256666038762]
[-7.638125666603877, -7.638125666603877, -1.6381256666038762]
