[1.7979184719828694, -1.7979184719828694, 1.7979184719828694]
[-1.7979184719828694, 1.7979184719828694, 1.7979184719828694]
[1.7979184719828694, 1.7979184719828694, -1.7979184719828694]
[-1.7979184719828694, -1.7979184719828694, -1.7979184719828694]
[1.4897337914130353, 4.510266208586964, 1.4897337914130353]
[-1.4897337914130353, 7.489733791413036, 1.4897337914130353]
[1.4897337914130353, 7.489733791413036, -1.4897337914130353]
[-1.4897337914130353, 4.510266208586964, -1.4897337914130353]
[1.4746355871474348, -7.474635587147435, 1.4746355871474348]
[-1.4746355871474348, -4.525364412852565, 1.4746355871474348]
[1.4746355871474348, -4.525364412852565, -1.4746355871474348]
[-1.4746355871474348, -7.474635587147435, -1.4746355871474348]
[1.3273743441451784, -1.3273743441451784, 7.327374344145179]
[-1.3273743441451784, 1.3273743441451784, 7.327374344145179]
[1.3273743441451784, 1.3273743441451784, 4.672625655854821]
[-1.3273743441451784, -1.3273743441451784, 4.672625655854821]
[1.732275519151481, -1.732275519151481, -4.2677244808485195]
[-1.732275519151481, 1.732275519151481, -4.2677244808485195]
[1.732275519151481, 1.732275519151481, -7.7322755191514805]
[-1.732275519151481, -1.732275519151481, -7.7322755191514805]
[7.46978078534306, -1.4697807853430596, 1.4697807853430596]
[4.53021921465694, 1.4697807853430596, 1.4697807853430596]
[7.46978078534306, 1.4697807853430596, -1.4697807853430596]
[4.53021921465694, -1.4697807853430596, -1.4697807853430596]
[-4.540778356541208, -1.4592216434587924, 1.4592216434587924]
[-7.459221643458792, 1.4592216434587924, 1.4592216434587924]
[-4.540778356541208, 1.4592216434587924, -1.4592216434587924]
[-7.459221643458792, -1.4592216434587924, -1.4592216434587924]
[7.698649312932851, -1.6986493129328513, 7.698649312932851]
[4.301350687067149, 1.6986493129328513, 7.698649312932851]
[7.698649312932851, 1.6986493129328513, 4.301350687067149]
[4.301350687067149, -1.6986493129328513, 4.301350687067149]
[-4.600601351916531, -1.3993986480834688, 7.399398648083469]
[-7.399398648083469, 1.3993986480834688, 7.399398648083469]
[-4.600601351916531, 1.3993986480834688, 4.600601351916531]
[-7.399398648083469, -1.3993986480834688, 4.600601351916531]
[1.5466708666289466, 4.453329133371053, 7.546670866628947]
[-1.5466708666289466, 7.546670866628947, 7.546670866628947]
[1.5466708666289466, 7.546670866628947, 4.453329133371053]
[-1.5466708666289466, 4.453329133371053, 4.453329133371053]
[1.2887258096841459, -7.288725809684146, 7.288725809684146]
[-1.2887258096841459, -4.711274190315854, 7.288725809684146]
[1.2887258096841459, -4.711274190315854, 4.711274190315854]
[-1.2887258096841459, -7.288725809684146, 4.711274190315854]
[7.700725187996352, -7.700725187996352, 7.700725187996352]
[4.299274812003648, -4.299274812003648, 7.700725187996352]
[7.700725187996352, -4.299274812003648, 4.299274812003648]
[4.299274812003648, -7.700725187996352, 4.299274812003648]
[-4.550457147963195, -7.449542852036805, 7.449542852036805]
[-7.449542852036805, -4.550457147963195, 7.449542852036805]
[-4.550457147963195, -4.550457147963195, 4.550457147963195]
[-7.449542852036805, -7.449542852036805, 4.550457147963195]
[-4.630109044974618, 4.630109044974618, 7.369890955025382]
[-7.369890955025382, 7.369890955025382, 7.369890955025382]
[-4.630109044974618, 7.369890955025382, 4.630109044974618]
[-7.369890955025382, 4.630109044974618, 4.630109044974618]
[7.5810526824100695, 4.4189473175899305, 7.5810526824100695]
[4.4189473175899305, 7.5810526824100695, 7.5810526824100695]
[7.5810526824100695, 7.5810526824100695, 4.4189473175899305]
[4.4189473175899305, 4.4189473175899305, 4.4189473175899305]
[1.4071217688957312, 4.592878231104269, -4.592878231104269]
[-1.4071217688957312, 7.407121768895731, -4.592878231104269]
[1.4071217688957312, 7.407121768895731, -7.407121768895731]
[-1.4071217688957312, 4.592878231104269, -7.407121768895731]
[1.2939840971954615, -7.2939840971954615, -4.7060159028045385]
[-1.2939840971954615, -4.7060159028045385, -4.7060159028045385]
[1.2939840971954615, -4.7060159028045385, -7.2939840971954615]
[-1.2939840971954615, -7.2939840971954615, -7.2939840971954615]
[7.7012667422958145, -1.701266742295815, -4.2987332577041855]
[4.2987332577041855, 1.701266742295815, -4.2987332577041855]
[7.7012667422958145, 1.701266742295815, -7.7012667422958145]
[4.2987332577041855, -1.701266742295815, -7.7012667422958145]
[-4.703494035567648, -1.2965059644323524, -4.703494035567648]
[-7.296505964432352, 1.2965059644323524, -4.703494035567648]
[-4.703494035567648, 1.2965059644323524, -7.296505964432352]
[-7.296505964432352, -1.2965059644323524, -7.296505964432352]
[7.317178817436623, 4.682821182563377, -4.682821182563377]
[4.682821182563377, 7.317178817436623, -4.682821182563377]
[7.317178817436623, 7.317178817436623, -7.317178817436623]
[4.682821182563377, 4.682821182563377, -7.317178817436623]
[7.604888942677906, -7.604888942677906, -4.395111057322094]
[4.395111057322094, -4.395111057322094, -4.395111057322094]
[7.604888942677906, -4.395111057322094, -7.604888942677906]
[4.395111057322094, -7.604888942677906, -7.604888942677906]
[-4.56997360801028, 4.56997360801028, -4.56997360801028]
[-7.43002639198972, 7.43002639198972, -4.56997360801028]
[-4.56997360801028, 7.43002639198972, -7.43002639198972]
[-7.43002639198972, 4.56997360801028, -7.43002639198972]
[-4.790168177110153, -7.209831822889847, -4.790168177110153]
[-7.209831822889847, -4.790168177110153, -4.790168177110153]
[-4.790168177110153, -4.790168177110153, -7.209831822889847]
[-7.209831822889847, -7.209831822889847, -7.209831822889847]
[7.349926521951264, 4.650073478048736, 1.349926521951264]
[4.650073478048736, 7.349926521951264, 1.349926521951264]
[7.349926521951264, 7.349926521951264, -1.349926521951264]
[4.650073478048736, 4.650073478048736, -1.349926521951264]
[7.775387560777672, -7.775387560777672, 1.7753875607776712]
[4.224612439222328, -4.224612439222328, 1.7753875607776712]
[7.775387560777672, -4.224612439222328, -1.7753875607776712]
[4.224612439222328, -7.775387560777672, -1.7753875607776712]
[-4.666478846021231, 4.666478846021231, 1.3335211539787681]
[-7.333521153978769, 7.333521153978769, 1.3335211539787681]
[-4.666478846021231, 7.333521153978769, -1.3335211539787681]
[-7.333521153978769, 4.666478846021231, -1.3335211539787681]
[-4.458736129418041, -7.541263870581959, 1.5412638705819588]
[-7.541263870581959, -4.458736129418041, 1.5412638705819588]
[-4.458736129418041, -4.458736129418041, -1.5412638705819588]
[-7.541263870581959, -7.541263870581959, -1.5412638705819588]
