[1.7979184719828694, -1.7979184719828694, 1.7979184719828694]
[-1.7979184719828694, 1.7979184719828694, 1.7979184719828694]
[1.7979184719828694, 1.7979184719828694, -1.7979184719828694]
[-1.7979184719828694, -1.7979184719828694, -1.7979184719828694]
[1.2369150221972367, 4.763084977802763, 1.2369150221972367]
[-1.2369150221972367, 7.236915022197237, 1.2369150221972367]
[1.2369150221972367, 7.236915022197237, -1.2369150221972367]
[-1.2369150221972367, 4.763084977802763, -1.2369150221972367]
[1.357527540885997, -7.357527540885997, 1.357527540885997]
[-1.357527540885997, -4.642472459114003, 1.357527540885997]
[1.357527540885997, -4.642472459114003, -1.357527540885997]
[-1.357527540885997, -7.357527540885997, -1.357527540885997]
[1.7469104803029136, -1.7469104803029136, 7.746910480302914]
[-1.7469104803029136, 1.7469104803029136, 7.746910480302914]
[1.7469104803029136, 1.7469104803029136, 4.253089519697086]
[-1.7469104803029136, -1.7469104803029136, 4.253089519697086]
[1.6366176439462041, -1.6366176439462041, -4.363382356053796]
[-1.6366176439462041, 1.6366176439462041, -4.363382356053796]
[1.6366176439462041, 1.6366176439462041, -7.636617643946204]
[-1.6366176439462041, -1.6366176439462041, -7.636617643946204]
[7.703085221650252, -1.7030852216502512, 1.7030852216502512]
[4.296914778349748, 1.7030852216502512, 1.7030852216502512]
[7.703085221650252, 1.7030852216502512, -1.7030852216502512]
[4.296914778349748, -1.7030852216502512, -1.7030852216502512]
[-4.293895235278531, -1.706104764721469, 1.706104764721469]
[-7.706104764721469, 1.706104764721469, 1.706104764721469]
[-4.293895235278531, 1.706104764721469, -1.706104764721469]
[-7.706104764721469, -1.706104764721469, -1.706104764721469]
[7.620061930474387, -1.6200619304743875, 7.620061930474387]
[4.379938069525613, 1.6200619304743875, 7.620061930474387]
[7.620061930474387, 1.6200619304743875, 4.379938069525613]
[4.379938069525613, -1.6200619304743875, 4.379938069525613]
[-4.38328810683494, -1.6167118931650597, 7.61671189316506]
[-7.61671189316506, 1.6167118931650597, 7.61671189316506]
[-4.38328810683494, 1.6167118931650597, 4.38328810683494]
[-7.61671189316506, -1.6167118931650597, 4.38328810683494]
[1.5791134336705013, 4.420886566329498, 7.579113433670502]
[-1.5791134336705013, 7.579113433670502, 7.579113433670502]
[1.5791134336705013, 7.579113433670502, 4.420886566329498]
[-1.5791134336705013, 4.420886566329498, 4.420886566329498]
[1.4111917236900724, -7.411191723690072, 7.411191723690072]
[-1.4111917236900724, -4.588808276309928, 7.411191723690072]
[1.4111917236900724, -4.588808276309928, 4.588808276309928]
[-1.4111917236900724, -7.411191723690072, 4.588808276309928]
[7.409370296300082, -7.409370296300082, 7.409370296300082]
[4.590629703699918, -4.590629703699918, 7.409370296300082]
[7.409370296300082, -4.590629703699918, 4.590629703699918]
[4.590629703699918, -7.409370296300082, 4.590629703699918]
[-4.261223566113619, -7.738776433886381, 7.738776433886381]
[-7.738776433886381, -4.261223566113619, 7.738776433886381]
[-4.261223566113619, -4.261223566113619, 4.261223566113619]
[-7.738776433886381, -7.738776433886381, 4.261223566113619]
[-4.314253084748771, 4.314253084748771, 7.685746915251229]
[-7.685746915251229, 7.685746915251229, 7.685746915251229]
[-4.314253084748771, 7.685746915251229, 4.314253084748771]
[-7.685746915251229, 4.314253084748771, 4.314253084748771]
[7.28661772481353, 4.71338227518647, 7.28661772481353]
[4.71338227518647, 7.28661772481353, 7.28661772481353]
[7.28661772481353, 7.28661772481353, 4.71338227518647]
[4.71338227518647, 4.71338227518647, 4.71338227518647]
[1.4425505282680033, 4.557449471731997, -4.557449471731997]
[-1.4425505282680033, 7.442550528268003, -4.557449471731997]
[1.4425505282680033, 7.442550528268003, -7.442550528268003]
[-1.4425505282680033, 4.557449471731997, -7.442550528268003]
[1.6221012850916239, -7.622101285091624, -4.377898714908376]
[-1.6221012850916239, -4.377898714908376, -4.377898714908376]
[1.6221012850916239, -4.377898714908376, -7.622101285091624]
[-1.6221012850916239, -7.622101285091624, -7.622101285091624]
[7.706031595373822, -1.7060315953738217, -4.293968404626178]
[4.293968404626178, 1.7060315953738217, -4.293968404626178]
[7.706031595373822, 1.7060315953738217, -7.706031595373822]
[4.293968404626178, -1.7060315953738217, -7.706031595373822]
[-4.453881072977788, -1.5461189270222113, -4.453881072977788]
[-7.546118927022212, 1.5461189270222113, -4.453881072977788]
[-4.453881072977788, 1.5461189270222113, -7.546118927022212]
[-7.546118927022212, -1.5461189270222113, -7.546118927022212]
[7.556893219653926, 4.443106780346074, -4.443106780346074]
[4.443106780346074, 7.556893219653926, -4.443106780346074]
[7.556893219653926, 7.556893219653926, -7.556893219653926]
[4.443106780346074, 4.443106780346074, -7.556893219653926]
[7.582525325869197, -7.582525325869197, -4.417474674130803]
[4.417474674130803, -4.417474674130803, -4.417474674130803]
[7.582525325869197, -4.417474674130803, -7.582525325869197]
[4.417474674130803, -7.582525325869197, -7.582525325869197]
[-4.2797249948031455, 4.2797249948031455, -4.2797249948031455]
[-7.7202750051968545, 7.7202750051968545, -4.2797249948031455]
[-4.2797249948031455, 7.7202750051968545, -7.7202750051968545]
[-7.7202750051968545, 4.2797249948031455, -7.7202750051968545]
[-4.730223793311557, -7.269776206688443, -4.730223793311557]
[-7.269776206688443, -4.730223793311557, -4.730223793311557]
[-4.730223793311557, -4.730223793311557, -7.269776206688443]
[-7.269776206688443, -7.269776206688443, -7.269776206688443]
[7.288014320953392, 4.711985679046608, 1.2880143209533923]
[4.711985679046608, 7.288014320953392, 1.2880143209533923]
[7.288014320953392, 7.288014320953392, -1.2880143209533923]
[4.711985679046608, 4.711985679046608, -1.2880143209533923]
[7.262217441834581, -7.262217441834581, 1.262217441834581]
[4.737782558165419, -4.737782558165419, 1.262217441834581]
[7.262217441834581, -4.737782558165419, -1.262217441834581]
[4.737782558165419, -7.262217441834581, -1.262217441834581]
[-4.452812223035709, 4.452812223035709, 1.5471877769642912]
[-7.547187776964291, 7.547187776964291, 1.5471877769642912]
[-4.452812223035709, 7.547187776964291, -1.5471877769642912]
[-7.547187776964291, 4.452812223035709, -1.5471877769642912]
[-4.684146175956264, -7.315853824043736, 1.315853824043736]
[-7.315853824043736, -4.684146175956264, 1.315853824043736]
[-4.684146175956264, -4.684146175956264, -1.315853824043736]
[-7.315853824043736, -7.315853824043736, -1.315853824043736]
